lat_north = 22.343351
lat_south = 22.335073
lon_east  = 114.271776
lon_west  = 114.262934
datum_lat = 22.337992
datum_lon = 114.268961
//datum_lat = 43.824000
//datum_lon = -70.330000
